Tabellina del 1: [10, 20, 30, 40, 50, 60, 70, 80, 90, 100]
Tabellina del 2: [10, 20, 30, 40, 50, 60, 70, 80, 90, 100]
Tabellina del 3: [10, 20, 30, 40, 50, 60, 70, 80, 90, 100]
Tabellina del 4: [10, 20, 30, 40, 50, 60, 70, 80, 90, 100]
Tabellina del 5: [10, 20, 30, 40, 50, 60, 70, 80, 90, 100]
Tabellina del 6: [10, 20, 30, 40, 50, 60, 70, 80, 90, 100]
Tabellina del 7: [10, 20, 30, 40, 50, 60, 70, 80, 90, 100]
Tabellina del 8: [10, 20, 30, 40, 50, 60, 70, 80, 90, 100]
Tabellina del 9: [10, 20, 30, 40, 50, 60, 70, 80, 90, 100]
Tabellina del 10: [10, 20, 30, 40, 50, 60, 70, 80, 90, 100]
